Sat Jan 16 00:22:07 CET 2016

Step: 1; time: 0
133,60 140,00 157,37 194,03 266,27 406,94 
Step: 2; time: 41
205,20 218,23 250,94 310,84 406,47 544,03 
Step: 3; time: 83
297,47 313,80 352,97 419,28 514,73 637,95 
Step: 4; time: 125
394,26 411,14 450,65 514,93 603,14 711,99 
Step: 5; time: 167
486,70 502,71 539,71 598,76 677,98 773,78 
Step: 6; time: 209
571,20 585,77 619,26 672,23 742,52 826,73 
Step: 7; time: 251
646,83 659,85 689,69 736,66 798,69 872,66 
Step: 8; time: 292
713,85 725,38 751,77 793,21 847,80 912,77 
Step: 9; time: 334
772,96 783,13 806,37 842,85 890,83 947,88 
Step: 10; time: 376
824,98 833,92 854,36 886,42 928,58 978,67 
Step: 11; time: 418
870,69 878,55 896,51 924,68 961,70 1005,68 
Step: 12; time: 460
910,85 917,75 933,53 958,27 990,78 1029,39 
Step: 13; time: 502
946,12 952,18 966,03 987,76 1016,30 1050,21 
Step: 14; time: 544
977,09 982,41 994,58 1013,65 1038,71 1068,48 
Step: 15; time: 585
1004,28 1008,95 1019,64 1036,38 1058,39 1084,53 
Step: 16; time: 627
1028,16 1032,26 1041,64 1056,34 1075,67 1098,61 
Step: 17; time: 669
1049,12 1052,72 1060,96 1073,87 1090,83 1110,98 
Step: 18; time: 711
1067,53 1070,69 1077,92 1089,25 1104,15 1121,84 
Step: 19; time: 753
1083,69 1086,46 1092,81 1102,76 1115,84 1131,38 
Step: 20; time: 795
1097,88 1100,31 1105,89 1114,63 1126,11 1139,75 
Step: 21; time: 837
1110,33 1112,48 1117,37 1125,04 1135,12 1147,10 
Step: 22; time: 878
1121,27 1123,15 1127,45 1134,19 1143,04 1153,55 
Step: 23; time: 920
1130,88 1132,53 1136,30 1142,21 1149,99 1159,22 
Step: 24; time: 962
1139,31 1140,76 1144,07 1149,26 1156,09 1164,19 
